image: map_gmapping2_amcl.png
resolution: 0.050000
origin: [0.000000, -0.300000, 0.000000]
occupied_thresh: 0.65
free_thresh: 0.196
negate: 0
